2793848
2793849
2793850
2793851
2793852
2793853
2793854
2793855
2793856
2793857
2793858
2793859
2793860
2793861
2793862
2793863
2793864
2793865
2794311
2794312
2794313
2794314
2794315
2794316
2794317
2794318
2794319
2794320
2798604
2798605
2798606
2798607
2798608
2801453
2801454
2801455
2801456
2802283
2802284
2804465
2805728
2805729
2805730
2805731
2805732
2805733
2805734
2805735
2806293
2806294
2806295
2806297
2806420
2806421
2806422
2806423
2806424
2806425
2806426
2806427
2807872
2807873
2807874
2807875
2807876
2807877
2807878
2807879
2807880
2807881
2807882
2807883
2807884
2807885
2807886
2807887
2807888
2807889
2807890
2807891
2807892
2807893
2807894
2807895
2807896
2807897
2807898
2807899
2807900
2807901
2807922
2807923
2807924
2807925
2807926
2807927
2807928
2807948
2808780
2808781
2808782
2808783
2808784
2808785
2808786
2808787
2808788
2808789
2808790
2808791
2808792
2808793
2809573
2809574
2809575
2809576
2809577
2809578
2809579
2809580
2810727
2810728
2810729
2810730
2810910
2813868
2814599
2815442
2816671
2816672
2817331
2817338
2818258
2818259
2818260
2818261
2818469
2819469
2819470
2819471
2819472
2819473
2819474
2819475
2819476
2819477
2819478
2819479
2819480
2820132
2820133
2820134
2820777
2820778
2820779
2820780
2820781
2820782
2820783
2820784
2820785
2820786
2820787
2820788
2820789
2820790
2820791
2820792
2820793
2820794
2820795
2820796
2820797
2820798
2820799
2820800
2820801
2820802
2820803
2820804
2820805
2823701
2823702
2823703
2824359
2825068
2825591
2825592
2825593
2825594
2825595
2825596
2825597
2825598
2825599
2825600
2825601
2825602
2825603
2825604
2825605
2825606
2827491
2827492
2828752
2828753
2828754
2829271
2829272
2829273
2829274
2829275
2829276
2829277
2831755
2833816
2834860
2834861
2834862
2834863
2875218
2875219
2875220
2875221
2875222
2875223
2875224
2875225
2875226
2875227
2880665
2880666
2880667
2880668
2880669
2882432
2882433
2882551
2883255
2883256
2883257
2883258
2883259
2883260
2884862
2884863
2884864
2884865
2884866
2884867
2884868
2884869
2884870
2884871
2884872
2884873
2886208
2886209
2886210
2886211
2886212
2886213
2886570
2886571
2886572
2886677
2886678
2887351
2887352
2887353
2887354
2887355
2887356
2887357
2888746
2888747
2888748
2888749
2888750
2888751
2888945
2889753
2889754
2889755
2889988
2889989
2890175
2890176
2890177
2890178
2890179
2890180
2898423
2898424
2898425
2898426
2898427
2899158
2899159
2899749
2899750
2899751
2899752
2900179
2901512
2901513
2901514
2901515
2901516
2901517
2901966
2901967
2901968
2901969
2901970
2901971
2901972
2902280
2902281
2902355
2904218
2904219
2904220
2904714
2904715
2905057
2905058
2905059
2905060
2905061
2905062
2905063
2905535
2905748
2906348
2906349
2906350
2906351
2906352
2906353
2906354
2906355
2906356
2906357
2906358
2906359
2906360
2906714
2906715
2907158
2907159
2907160
2907161
2907162
2907163
2907581
2908137
2908138
2908139
2908140
2908141
2908373
2908374
2909857
2910260
2910261
2910262
2910263
2910264
2910681
2910682
2910683
2910684
2910685
2910686
2911025
2911026
2911027
2911181
2911310
2911311
2911312
2911666
2911667
2911668
2911669
2911670
2911671
2911672
2912237
2912238
2912239
2912240
2912683
2912684
2912685
2913255
2913256
2913882
2914023
2914024
2914025
2914026
2914027
2914028
2914029
2914030
2914031
2915259
2915260
2915261
2915262
2915263
2915264
2915737
2916166
2916167
2916483
2917448
2917449
2917450
2917451
2917602
2917867
2917868
2917869
2917870
2917871
2917872
2918820
2918821
2918822
2918823
2918950
2918951
2919203
2919204
2919205
2919206
2919466
2920024
2920025
2920393
2920394
2920395
2920396
2920397
2921658
2921659
2921660
2921661
2921662
2921663
2921664
2922140
2922586
2922587
2922588
2922589
2923076
2923849
2923850
2923851
2923852
2924808
2924809
2924810
2925206
2925207
2925208
2927611
2927612
2927613
2927614
2927615
2927616
2927617
2928206
2928207
2928208
2928209
2928210
2928803
2928804
2928805
2930228
2930229
2932224
2933098
2933099
2934269
2935022
2935023
2935752
2935753
2935754
2935755
2935756
2935757
2935977
2935978
2936573
2936574
2936575
2936576
2936577
2936578
2936579
2937416
2937417
2937418
2937419
2937420
2937421
2937422
2937423
2937424
2937425
2937426
2937427
2937428
2937429
2937430
2937431
2937432
2937433
2937434
2937435
2937436
2937437
2937438
2937439
2937440
2937441
2937442
2937443
2937444
2937445
2937446
2937447
2937448
2937449
2937450
2937451
2937452
2937453
2937454
2937455
2937456
2937457
2937458
2937488
2937489
2938215
2938216
2938997
2938998
2938999
2939356
2939357
2940242
2940243
2940244
2941563
2941564
2941565
2941566
2941567
2941568
2941569
2941570
2941571
2942550
2942551
2942552
2942553
2942554
2942555
2942556
2942557
2942558
2942559
2943280
2943281
2943282
2943283
2943284
2943285
2943286
2943287
2943288
2943289
2943290
2943291
2943292
2943293
2943430
2943431
2943432
2943433
2943434
2943593
2943594
2943595
2943596
2943597
2943598
2943599
2943600
2943601
2943602
2943603
2943604
2943605
2943606
2943607
2943608
2944176
2944177
2944993
2944994
2944995
2944996
2944997
2944998
2944999
2945984
2947799
2947800
2947801
2948742
2948743
2948744
2948745
2948746
2949208
2949209
2949210
2949720
2950529
2950530
2950531
2950532
2950533
2950534
2950535
2950536
2950537
2950538
2950539
2950540
2950541
2950542
2950543
2950544
2950545
2950546
2950547
2950548
2950549
2950550
2950551
2950552
2950553
2950554
2950555
2950556
2950557
2950558
2950559
2950560
2950561
2950562
2950563
2950564
2950565
2950566
2950567
2950568
2950569
2950581
2950582
2950583
2950585
2950586
2950587
2950588
2950589
2950590
2950591
2950592
2950593
2950594
2950595
2950596
2950597
2950598
2950599
2950600
2950601
2950602
2950898
2950899
2950900
2950901
2950902
2950903
2950904
2950905
2950906
2950907
2950908
2950909
2951668
2951669
2951670
2951671
2951672
2952554
2952555
2952556
2952557
2952558
2952559
2954096
2954097
2954098
2954099
2954100
2954101
2954102
2954103
2954353
2954665
2954666
2954667
2954668
2954669
2955058
2959410
2959411
2959412
2960151
2960152
2960514
2960515
2960516
2961617
2961618
2962094
2962095
2962539
2962540
2962541
2962542
2962543
2962544
2963377
2963378
2963379
2963380
2963381
2963382
2963383
2963384
2963385
2963386
2964780
2964781
2964782
2964783
2965357
2965358
2965359
2965360
2965361
2966022
2966023
2966024
2966025
2966026
2966473
2966474
2966475
2966476
2966477
2966478
2966479
2967131
2967132
2967133
2967766
2968563
2992182
3004593
3004594
3004595
3004596
3014342
3023228
3023229
3038852
3038853
3044348
3044349
3044350
3044351
3044352
3044353
3051845
3051846
3051847
3051848
3051849
3060380
3060381
3060382
3067863
3072569
3072570
3076672
3077558
3077559
3077560
3077561
3081973
3081974
3093294
3093295
3097777
3097778
3103242
3108139
3108140
3108141
3108142
3108143
3108144
3108145
3108146
3108147
3109162
3112898
3113076
3113077
3113078
3113079
3113080
3113856
3113857
3113858
3113859
3113860
3113861
3113862
3113863
3113864
3113865
3113866
3114253
3114812
3114813
3114814
3114815
3114816
3115464
3115465
3115466
3115467
3115468
3115469
3115470
3115471
3115472
3115473
3115474
3115475
3115476
3116066
3116067
3116068
3116069
3116070
3116071
3116072
3116073
3116074
3117008
3117513
3117514
3117515
3117516
3117517
3117518
3117519
3118019
3118020
3118021
3118022
3118062
3118063
3118715
3118717
3118920
3118987
3118988
3118989
3118990
3118991
3118992
3118993
3118994
3119632
3119673
3119674
3119675
3119676
3119677
3119678
3119696
3119703
3119905
3119906
3119907
3124425
3124797
3124798
3125436
3125437
3125438
3125439
3125440
3125441
3125498
3125499
3125500
3125501
3125502
3125503
3125504
3128381
3128382
3128383
3128384
3128385
3128386
3129775
3129776
3129777
3129778
3129779
3129780
3129781
3129782
3130007
3130009
3130010
3130771
3131233
3131234
3131235
3131236
3132767
3134848
3135710
3135711
3139867
3139868
3139869
3139914
3139922
3139928
3139929
3139930
3146603
3146606
3147843
3147844
3147845
3147846
3147847
3147848
3147849
3154835
3154836
3154837
3154838
3154839
3154840
3154841
3154842
3154843
3154844
3154845
3154846
3154847
3154848
3154849
3154850
3154851
3154852
3154853
3154854
3154855
3154856
3154857
3154858
3154859
3154860
3154861
3154862
3154863
3155419
3155420
3155421
3158248
3158250
3159191
3159192
3159194
3159195
3159196
3159197
3159200
3159202
3159203
3159204
3159205
3159206
3159208
3159209
3159211
3159212
3159213
3159329
3164122
3164123
3164124
3164125
3164126
3164127
3164128
3164130
3164138
3164139
3164142
3164144
3166327
3166328
3166329
3166331
3166332
3169999
3170000
3170001
3170002
3170003
3170004
3170005
3170006
3173363
3175816
3175829
3175835
3182225
3182226
3182227
3182228
3182229
3182230
3182231
3182232
3182233
3182234
3182235
3182236
3182237
3182238
3182239
3182240
3182241
3182242
3182243
3182244
3182245
3182246
3182247
3182248
3182249
3182250
3182251
3185610
3185651
3185653
3189005
3189006
3189007
3189008
3189650
3189652
3189653
3189654
3190898
3194219
3194220
3194221
3194222
3194223
3194224
3194225
3194226
3194227
3194228
3194229
3194230
3194231
3194232
3194233
3194234
3194235
3194236
3194237
3194238
3194239
3194240
3194241
3194242
3194243
3194244
3194245
3194246
3194247
3194248
3194249
3194250
3194251
3194252
3194253
3194254
3196296
3199090
3199093
3200062
3200063
3200064
3201614
3204845
3206225
3206226
3206227
3206228
3206229
3206230
3206231
3206232
3207615
3207617
3207618
3207620
3207621
3207622
3207623
3207625
3207852
3207853
3207854
3207855
3207856
3207857
3208345
3208346
3208348
3208349
3208350
3208351
3208352
3208353
3208356
3208357
3208358
3208359
3208360
3208361
3208362
3208363
3212268
3212269
3212270
3212271
3212272
3212273
3218707
3218708
3218709
3218710
3218711
3218712
3218713
3226110
3226111
3226112
3226113
3226114
3226810
3226811
3227419
3227421
3231972
3231973
3231974
3231975
3231976
3231977
3231978
3231979
3231980
3231981
3231982
3231983
3231986
3231987
3231988
3231989
3231990
3231991
3231992
3231993
3231994
3231995
3231996
3231997
3231998
3231999
3232000
3232001
3232003
3232398
3232399
3232400
3232401
3232402
3232403
3232404
3232405
3232406
3232407
3232408
3232409
3232410
3232411
3232412
3238282
3238283
3238284
3238285
3238286
3238287
3238288
3238289
3238290
3238291
3238292
3238293
3238294
3238295
3238296
3238297
3238298
3238299
3239421
3239422
3241740
3244437
3244438
3244439
3244440
3244441
3244442
3244443
3244444
3244445
3244446
3244447
3244448
3244449
3244450
3249756
3250463
3250466
3250467
3250468
3250469
3250470
3250471
3250472
3256514
3256515
3256516
3256517
3256518
3256519
3256520
3256521
3256522
3256523
3256524
3262756
3262768
3263260
3263261
3263262
3263263
3263264
3263265
3263266
3263267
3263268
3263269
3263270
3263271
3263272
3263273
3263274
3269242
3269243
3269244
3269245
3269246
3269248
3269249
3269250
3269251
3269253
3269256
3269257
3275280
3275281
3275282
3275283
3275284
3275285
3275286
3275287
3275288
3275289
3275290
3275291
3275292
3275293
3275294
3278373
3278374
3278375
3281611
3281612
3281613
3281619
3281621
3281622
3281623
3281624
3281627
3281628
3281629
3281630
3281631
3281632
3281633
3281634
3281635
3281636
3281637
3283595
3287985
3287986
3287987
3287988
3294643
3294798
3294799
3294800
3294801
3294802
3294808
3294816
3294820
3294821
3294823
3294824
3294827
3294828
3294839
3294840
3294841
3294842
3294843
3294844
3294846
3294855
3294869
3302704
3302705
3302706
3302707
3303404
3303427
3303428
3303495
3303496
3303497
3303498
3306843
3306844
3306845
3306846
3306847
3306848
3306849
3306850
3306851
3306852
3306853
3306854
3306855
3306856
3306857
3306858
3306859
3306860
3306861
3311123
3311124
3311125
3311126
3311127
3311128
3311129
3311130
3311131
3311132
3312567
3312568
3312569
3312571
3315558
3315559
3316318
3316319
3316320
3316322
3316465
3316466
3316467
3316468
3316469
3319255
3321931
3321932
3321933
3321934
3321935
3321936
3321937
3321938
3321939
3321940
3321941
3321942
3321943
3321944
3321945
3321946
3321947
3328026
3328027
3328028
3328029
3328030
3333676
3333677
3333678
3336038
3336039
3336040
3336041
3336042
3338902
3340009
3340010
3340011
3340012
3340013
3340014
3340015
3340016
3340017
3340018
3340019
3340020
3340021
3340022
3340023
3340024
3340025
3340026
3340027
3340028
3340029
3340030
3340031
3340032
3340033
3340034
3340035
3340036
3340037
3340038
3340039
3340040
3340041
3340042
3340043
3340044
3340045
3340046
3340047
3340048
3340049
3340050
3340051
3340052
3340053
3340054
3340055
3340056
3340057
3340058
3340059
3340060
3340061
3340062
3340063
3340064
3340065
3340066
3340067
3340068
3340069
3340070
3340071
3340072
3340073
3340074
3340075
3340076
3340077
3340078
3340079
3340080
3340081
3340082
3340083
3340084
3344459
3344460
3347801
3348793
3348794
3351669
3352548
3352549
3352550
3352551
3352552
3352553
3352554
3352555
3358004
3358005
3358006
3358007
3358008
3358009
3358010
3358011
3358012
3358013
3358014
3358015
3358016
3358017
3358018
3362040
3362041
3362042
3362077
3362079
3362080
3362434
3362466
3362467
3362468
3362469
3365605
3365606
3365607
3365608
3365609
3365610
3365611
3368870
3368871
3368872
3368873
3368874
3368875
3371863
3375922
3379913
3379917
3379927
3384306
3384307
3384308
3384309
3384694
3384695
3384696
3384697
3387412
3387413
3387414
3387415
3387416
3387417
3391046
3391047
3391048
3391049
3395088
3395089
3395090
3395091
3395092
3395093
3395094
3395095
3395096
3398955
3398956
3398957
3398958
3398959
3398960
3398961
3398962
3401823
3401824
3401825
3401826
3401827
3401828
3401829
3401830
3401831
3401832
3401833
3401834
3405929
3405930
3405931
3405932
3405933
3405934
3405935
3409508
3409509
3409510
3409511
3409512
3409513
3409514
3409515
3409516
3409517
3409518
3409519
3409520
3409521
3409522
3409523
3409524
3409525
3409526
3409527
3409528
3409529
3409530
3409531
3409532
3409533
3409534
3409535
3409536
3409537
3412924
3412925
3412944
3412945
3412946
3412947
3415977
3415978
3415979
3419259
3419260
3419261
3419262
3419263
3419264
3419265
3422794
3422795
3422796
3422797
3422798
3422799
3422800
3422801
3422802
3422803
3422804
3422805
3422806
3422807
3422808
3422809
3422810
3422811
3422812
3422813
3422814
3422815
3422816
3422817
3422818
3422819
3422820
3422821
3422822
3422823
3422824
3422825
3422826
3422827
3422828
3422829
3422830
3422831
3422832
3422833
3422834
3422835
3422836
3422837
3422838
3422839
3422840
3422841
3422842
3422843
3422844
3422845
3426733
3429448
3429449
3429450
3429451
3429452
3429453
3429454
3429455
3433073
3433074
3433075
3436171
3436172
3436173
3436174
3436175
3436176
3436177
3436178
3436179
3436180
3436181
3436182
3436183
3436184
3436185
3436186
3436187
3436188
3439518
3439519
3439520
3439521
3439522
3439523
3439524
3439525
3439526
3439527
3439528
3439529
3439530
3442995
3442996
3442997
3442998
3445667
3445668
3445669
3445926
3445928
3445929
3448354
3448355
3448356
3448357
3448358
3448359
3448361
3448362
3448363
3451516
3451517
3451518
3451519
3451520
3451521
3451522
3451523
3451524
3451525
3451526
3454307
3457860
3460643
3460644
3460645
3460646
3460647
3460648
3460649
3460650
3460651
3460652
3463981
3463982
3463983
3464227
3464228
3465234
3466267
3466268
3466269
3466270
3466271
3466272
3466273
3466274
3466275
3466276
3466277
3466278
3466280
3466281
3466750
3466751
3466752
3466753
3466754
3466755
3466756
3466757
3466758
3466759
3466760
3466761
3466762
3466763
3466764
3466766
3466767
3466768
3466769
3466770
3466771
3469200
3469201
3471560
3471564
3472252
3472253
3472254
3472255
3472256
3472257
3472258
3472259
3474913
3474918
3474920
3474921
3474922
3474923
3474924
3474925
3474926
3474927
3474928
3474929
3474930
3474931
3474932
3474933
3474934
3474935
3474936
3474937
3474938
3474939
3474940
3474941
3474942
3474943
3474944
3474945
3474946
3474947
3474948
3474949
3474950
3474951
3474952
3474953
3474954
3477410
3477418
3477463
3477464
3477465
3477467
3477468
3477469
3479591
3481270
3481659
3481660
3481661
3481662
3481663
3481664
3481834
3481835
3481836
3483951
3483952
3483953
3483954
3483955
3483956
3483957
3483958
3483959
3483960
3483961
3483962
3483963
3483964
3483965
3483966
3483967
3483968
3483969
3483970
3483971
3483972
3483973
3483974
3483975
3483976
3485383
3485963
3485966
3485968
3486932
3486933
3486934
3486935
3489976
3489977
3489979
3489985
3489986
3489987
3489988
3492950
3492951
3492952
3492953
3492954
3492955
3492956
3492957
3492958
3492959
3492960
3492961
3492962
3492963
3492964
3492965
3492968
3496213
3496214
3496215
3496216
3496217
3496218
3496219
3496220
3500144
3500145
3500146
3500147
3500148
3500149
3500150
3500151
3500152
3500153
3500154
3500479
3500481
3502876
3502878
3502879
3502880
3502881
3502882
3502883
3502884
3502885
3502886
3502887
3502888
3502889
3502890
3502891
3502892
3502893
3502894
3502895
3502896
3502897
3505623
3505624
3505625
3505626
3505627
3505628
3508631
3508632
3508633
3508634
3508635
3508636
3508637
3508638
3508639
3508640
3508641
3508642
3508643
3508644
3508645
3508646
3508647
3508648
3508649
3508650
3508651
3508652
3508653
3508654
3508655
3508656
3508657
3508658
3508659
3511493
3511494
3511495
3511496
3511497
3511498
3511499
3511500
3511501
3511502
3511503
3511504
3511505
3511506
3511507
3511508
3511509
3511510
3511511
3511512
3511513
3511514
3511515
3511516
3511517
3511518
3511519
3514916
3514918
3514920
3514922
3514923
3514924
3514925
3514926
3514927
3514928
3518390
3518392
3518393
3518394
3518397
3518398
3518399
3518401
3518921
3518922
3518923
3518924
3518925
3520553
3520554
3520555
3520556
3520557
3520558
3520559
3520560
3520561
3520562
3520563
3520564
3520565
3520566
3520567
3520568
3522865
3522866
3522867
3522868
3522869
3522870
3522871
3522872
3522873
3522874
3522875
3522876
3522877
3522878
3522879
3522880
3522881
3522882
3522883
3525304
3525305
3525306
3525310
3525311
3525313
3525314
3525315
3525316
3525317
3525318
3525319
3525320
3525321
3525322
3525323
3525324
3525325
3525952
3525953
3525954
3525955
3525956
3527993
3527995
3527996
3527997
3527998
3527999
3528000
3528001
3528002
3528003
3528004
3528005
3528006
3528007
3528008
3528009
3528010
3530500
3530501
3530502
3530504
3530506
3530507
3530508
3530509
3530510
3530511
3530512
3530513
3530514
3530515
3530516
3530517
3530518
3530519
3530520
3530521
3530522
3530523
3530524
3530525
3530526
3530527
3530528
3530529
3530532
3533593
3533594
3533595
3533596
3533597
3533598
3533599
3533600
3534231
3534232
3534233
3534234
3534235
3534236
3534237
3534238
3534239
3534240
3534241
3534242
3534243
3534244
3534245
3534246
3534247
3534248
3534249
3535481
3535990
3535991
3535992
3535993
3535994
3535995
3535996
3535997
3535998
3535999
3536000
3536001
3536002
3536003
3536004
3536005
3536006
3536007
3536008
3536009
3536010
3536011
3536012
3536013
3536014
3536015
3536016
3536017
3536018
3536019
3536020
3536021
3536022
3536023
3536214
3536215
3536216
3536217
3536219
3536220
3536221
3538295
3538296
3538297
3538298
3538299
3538300
3538301
3538302
3538303
3538304
3538305
3538306
3538307
3538308
3538309
3538310
3538311
3538312
3538313
3541318
3541320
3541325
3541327
3541337
3541338
3541339
3541340
3541341
3541342
3541343
3541344
3541345
3542912
3542914
3543608
3543609
3543610
3543611
3543612
3543613
3543614
3543615
3544851
3544852
3544853
3544854
3544856
3544857
3546099
3546100
3546101
3546102
3546103
3546104
3546105
3546106
3546107
3546108
3546109
3546110
3546111
3546112
3546113
3546114
3546115
3546116
3546117
3546118
3546119
3546120
3546121
3546122
3546123
3546124
3546125
3546126
3546127
3546128
3546129
3546130
3546131
3546132
3546133
3546134
3548971
3548972
3548973
3548974
3548975
3548976
3548977
3548978
3548979
3548980
3548981
3549353
3549354
3549355
3549356
3550720
3550721
3550722
3550723
3550724
3550725
3550726
3550727
3550728
3550729
3550730
3550731
3550732
3550733
3550734
3550735
3550736
3550737
3550738
3550739
3550740
3550741
3550742
3552286
3552287
3552288
3552289
3552290
3553034
3553035
3553036
3553037
3553038
3553039
3553040
3553041
3553042
3553043
3553044
3553045
3553046
3553047
3553048
3553049
3553050
3553051
3553052
3553053
3553054
3553055
3553056
3553057
3553058
3553059
3553060
3553061
3555587
3555588
3555589
3555590
3555591
3555592
3555593
3555594
3555595
3555596
3555597
3555598
3555599
3555600
3555601
3555602
3555603
3555604
3555605
3558285
3558286
3558287
3558289
3558456
3558457
3558458
3558459
3558460
3558461
3558462
3558464
3558467
3558468
3558469
3558470
3558471
3558472
3558473
3558474
3558475
3558476
3558477
3558478
3558479
3558480
3558481
3558482
3558483
3558484
3558485
3558486
3558487
3558488
3558489
3558490
3558491
3558492
3558493
3558494
3558495
3558496
3558497
3558498
3558499
3558500
3558502
3558503
3558504
3558505
3558507
3558508
3558509
3558510
3558511
3558512
3561110
3561111
3561112
3561113
3561114
3561115
3561116
3561117
3561118
3561119
3561120
3561121
3561122
3561123
3561124
3561125
3561126
3561127
3561128
3561129
3563525
3563526
3563527
3563528
3563529
3563530
3563531
3563532
3563533
3563992
3563993
3563994
3563995
3563996
3565482
3565483
3565484
3565485
3565486
3565487
3565488
3565489
3565490
3565491
3565492
3566585
3566586
3567399
3567402
3567406
3567407
3567408
3567409
3567412
3567413
3567414
3567415
3567416
3567417
3567418
3567419
3567420
3567424
3567427
3567428
3567429
3567430
3567431
3567432
3569884
3569885
3569886
3569887
3569888
3569890
3569891
3569892
3569893
3569894
3572382
3572383
3572384
3572385
3572386
3572388
3574603
3574604
3574605
3574606
3574607
3574608
3574609
3574610
3574611
3574612
3574613
3574614
3577828
3577829
3577830
3577832
3577833
3577834
3577835
3577836
3577837
3577838
3577839
3577840
3578274
3578275
3578276
3578278
3578279
3578280
3578281
3578282
3578567
3579227
3579228
3579229
3579230
3579231
3579232
3579233
3579234
3579235
3579236
3579237
3579238
3579239
3579240
3579241
3579242
3579243
3579244
3579245
3579246
3579247
3579248
3579249
3579250
3579251
3579252
3579253
3579254
3580782
3580783
3580784
3580785
3580786
3580787
3580788
3580789
3580790
3580791
3580792
3580793
3580794
3580795
3580796
3580797
3580798
3580799
3580800
3580801
3582874
3582875
3582876
3582877
3582878
3582879
3582880
3582881
3582882
3582883
3582884
3582885
3582886
3582887
3585264
3585265
3585266
3585267
3585268
3585269
3585270
3585271
3585272
3585273
3585274
3585275
3587430
3587431
3587432
3587433
3587434
3587435
3588766
3590246
3590247
3590248
3590249
3590250
3590251
3590252
3590253
3590254
3590255
3590256
3590257
3590258
3590259
3590260
3590261
3590262
3590263
3591271
3591273
3591274
3591275
3592466
3592467
3592468
3592469
3592470
3592471
3592472
3592473
3592475
3592477
3592480
3592481
3592482
3592483
3592484
3592485
3592486
3592487
3592488
3592489
3592490
3592491
3594085
3594087
3594088
3594089
3594090
3594091
3595856
3595857
3595858
3595859
3595860
3595861
3595862
3595863
3595864
3595865
3595866
3595867
3595868
3595869
3595870
3595871
3595872
3595873
3595874
3595875
3595876
3595877
3595878
3595879
3595880
3595881
3595882
3595883
3595884
3595885
3595886
3599094
3599096
3599097
3599098
3599099
3599100
3599101
3599102
3599103
3599104
3599105
3599106
3599107
3599108
3599109
3599110
3600936
3601335
3601336
3601337
3601338
3601339
3601340
3601341
3601342
3601343
3601344
3601345
3601346
3601347
3601348
3601349
3601350
3603866
3604188
3604189
3604190
3604191
3604192
3604193
3604194
3604195
3604196
3604197
3604198
3604199
3605319
3605320
3605321
3605322
3605323
3605324
3605325
3605326
3605327
3605328
3605329
3605330
3605331
3605332
3605333
3605334
3605335
3605336
3605337
3605338
3605339
3605340
3605341
3605342
3605343
3605344
3605345
3605346
3605347
3605348
3605349
3605350
3605351
3606763
3606764
3606765
3606766
3606767
3608211
3608212
3608213
3608214
3608215
3608216
3608217
3608218
3608219
3608220
3608221
3608222
3608223
3611170
3611171
3611172
3611173
3611174
3611175
3611176
3611177
3613157
3613158
3613159
3613160
3613161
3613162
3613163
3613164
3613165
3613166
3613167
3613168
3613169
3613170
3613171
3613172
3613173
3613174
3613175
3613176
3613177
3613178
3613179
3613180
3613181
3613182
3613183
3613184
3613185
3613186
3613187
3613188
3613189
3613190
3613191
3613192
3613193
3613194
3615562
3615563
3615564
3616813
3616814
3616815
3616816
3616817
3616818
3616900
3616901
3616902
3616903
3616905
3616906
3616907
3618130
3618131
3618132
3618133
3618134
3618135
3618136
3618137
3618138
3618139
3618140
3618141
3618142
3618143
3618144
3618145
3618146
3618147
3618148
3618149
3618150
3618286
3618287
3620052
3620053
3620054
3620055
3620056
3620057
3620058
3620059
3620060
3621710
3622595
3622731
3622956
3622957
3622958
3622959
3622960
3622961
3622962
3622963
3622964
3622965
3622966
3622967
3622968
3623548
3623550
3623551
3623987
3625043
3625044
3625045
3625046
3625047
3625048
3625049
3625050
3625051
3625052
3625053
3625054
3625492
3625493
3626867
3626868
3626869
3626870
3626871
3626872
3626873
3626874
3626875
3626876
3626877
3626878
3626917
3626918
3626919
3626920
3626921
3628239
3628240
3628241
3628242
3628243
3628244
3628245
3628246
3628791
3628792
3628793
3628794
3628795
3628796
3628797
3628798
3628799
3628800
3628801
3628802
3628808
3628809
3628810
3628811
3628812
3628813
3628814
3628834
3628835
3628836
3628837
3629074
3629089
3629090
3629091
3630469
3630613
3630614
3630616
3630617
3630618
3630619
3630620
3630621
3630622
3631600
3631604
3631605
3631606
3631607
3631608
3631609
3631610
3631611
3631612
3631613
3631614
3631615
3631616
3631617
3631618
3631619
3631620
3631621
3631622
3631623
3631624
3631625
3631626
3631627
3631628
3631629
3632074
3632075
3633626
3633627
3633628
3633629
3633630
3633631
3633632
3633633
3633634
3633635
3633636
3633637
3633638
3633639
3633640
3633641
3633642
3633643
3633644
3633645
3633646
3633647
3633648
3633649
3633650
3633651
3633652
3635607
3635608
3638851
3638852
3638853
3638854
3638855
3638856
3638857
3638858
3638859
3638861
3638912
3638913
3638914
3638915
3638916
3638917
3638918
3638919
3638920
3638921
3638922
3638923
3638924
3638925
3638926
3638927
3639527
3640393
3640394
3640395
3640397
3641608
3641609
3641610
3641611
3641612
3641613
3641614
3641615
3641616
3641617
3641618
3641619
3641620
3641621
3641622
3641623
3641624
3641625
3641626
3641627
3641628
3641629
3641630
3641631
3641632
3641633
3641634
3641814
3641815
3641816
3641817
3641818
3641819
3641820
3642490
3642491
3642492
3642493
3642791
3642792
3642793
3642794
3642795
3642796
3642797
3642798
3642799
3642882
3644844
3644846
3644847
3644848
3644849
3644850
3644851
3644852
3645876
3645877
3645879
3645880
3645881
3645882
3645883
3645884
3645885
3645886
3645887
3645888
3645889
3645890
3645891
3647649
3647650
3647651
3647652
3647653
3647654
3647655
3647656
3647657
3647658
3647659
3647660
3647661
3647662
3647663
3647664
3647665
3647666
3647667
3647668
3647669
3647670
3647671
3648208
3649837
3649838
3649839
3649840
3649841
3649842
3649843
3649859
3649985
3649986
3650168
3650169
3650170
3650171
3650172
3650173
3650174
3650175
3650176
3650177
3650178
3650179
3650180
3650181
3650182
3650183
3650184
3650185
3650186
3651321
3651322
3651402
3651403
3651404
3651405
3651406
3651407
3651408
3651409
3651410
3651411
3651412
3651413
3651414
3651415
3651416
3651417
3651418
3651419
3651420
3651421
3651475
3651476
3651477
3651478
3651999
3653943
3653944
3653946
3653947
3653948
3653949
3653950
3653951
3653952
3653953
3653954
3653955
3653956
3653957
3653958
3653959
3653960
3653961
3653962
3653963
3653964
3653965
3653966
3653967
3653968
3653969
3653970
3653971
3653972
3653973
3653974
3653975
3653976
3653977
3653978
3653979
3653980
3655396
3655397
3655398
3655399
3655400
3655401
3655402
3655403
3655404
3655405
3655406
3655407
3655408
3655409
3655410
3655411
3655412
3655413
3655414
3655415
3655416
3655417
3655418
3655419
3655420
3656760
3656761
3657376
3657644
3657645
3657646
3657647
3657648
3657649
3657650
3657651
3657652
3657653
3657654
3657655
3659880
3659881
3659882
3659883
3659884
3659885
3659886
3659887
3659888
3659889
3659890
3659891
3659892
3659893
3660338
3662385
3662386
3662387
3662388
3662389
3662390
3662629
3662630
3662631
3662632
3662633
3662758
3662759
3662760
3662761
3662762
3663800
3663801
3663802
3663803
3663804
3663805
3663806
3663807
3663808
3663809
3663810
3663811
3663812
3663813
3663814
3663815
3663816
3663817
3663818
3663819
3663820
3663821
3663822
3663823
3663824
3663825
3663826
3663827
3663828
3663829
3663830
3663831
3663832
3663833
3663834
3663835
3663836
3663837
3663838
3663839
3663840
3664316
3664317
3664318
3664319
3665176
3665177
3665178
3665179
3665180
3665181
3665183
3665184
3665185
3665186
3665187
3665188
3665189
3665190
3665191
3665192
3665193
3665194
3665195
3665196
3665197
3665198
3665199
3665200
3665201
3665202
3665203
3665204
3665205
3665206
3665207
3665208
3665209
3666990
3666991
3666992
3666993
3666994
3666995
3666996
3666997
3666998
3666999
3667000
3667001
3667002
3667003
3667004
3667005
3668746
3668750
3668752
3668757
3668758
3670981
3670982
3670983
3670984
3670985
3670986
3670987
3674489
3674490
3674491
3674495
3674496
3674497
3674498
3674499
3674500
3675267
3675268
3675269
3675270
3675271
3675272
3675273
3676371
3676372
3676373
3676374
3676375
3676376
3676377
3676378
3676379
3676380
3676381
3676382
3676383
3676384
3676385
3676386
3676387
3676388
3676389
3676390
3676391
3676392
3676393
3676394
3676395
3676396
3676397
3676398
3676399
3676400
3676401
3676402
3676403
3676404
3676405
3676406
3676407
3676408
3676409
3678460
3678461
3678462
3678463
3678464
3678465
3678466
3678467
3680939
3680940
3680941
3680942
3680943
3683200
3683875
3683876
3683877
3683879
3683880
3683881
3683882
3683883
3683884
3686360
3686361
3686362
3686363
3686364
3686365
3686366
3686367
3686368
3686369
3686370
3688974
3688975
3688976
3688977
3689361
3689489
3689490
3689491
3690827
3690828
3690829
3690830
3690831
3690832
3690833
3690834
3690835
3690836
3690837
3690838
3690839
3690840
3690841
3690842
3690843
3690844
3690845
3690846
3690847
3690848
3690849
3690850
3690851
3692444
3692445
3692446
3692447
3692448
3692449
3692450
3692451
3692452
3692453
3695209
3695210
3695211
3695212
3695213
3695214
3695215
3695216
3697913
3697914
3697915
3697916
3697917
3697918
3697919
3697920
3700655
3700656
3700657
3700658
3700659
3700660
3700661
3700662
3700663
3700664
3702790
3702791
3702792
3702793
3702794
3702795
3702796
3703895
3703896
3703898
3705260
3705261
3705262
3705263
3705264
3705265
3705266
3705267
3705268
3705269
3705270
3705271
3705272
3705273
3705274
3705275
3705276
3705277
3705278
3705279
3705280
3705281
3705283
3705284
3705285
3705286
3705287
3705288
3705289
3705290
3705291
3705294
3705295
3705296
3705297
3705299
3705300
3706836
3706839
3706840
3706841
3706842
3706843
3706844
3709899
3709901
3709902
3712583
3713957
3713958
3713960
3715071
3715073
3715074
3715075
3715076
3715077
3715078
3715079
3717521
3717522
3717523
3717524
3717525
3717526
3717527
3717528
3717529
3717530
3717531
3717532
3718454
3718455
3718456
3718457
3718458
3718459
3720568
3720569
3720570
3720571
3720572
3720573
3720574
3720575
3720576
3720577
3720578
3720579
3720580
3720581
3720582
3720583
3720584
3720585
3720586
3720587
3720588
3720589
3720590
3720591
3720592
3720593
3721747
3721748
3721749
3722324
3722325
3722326
3722327
3722328
3722329
3722330
3722331
3724269
3724270
3724271
3724272
3724273
3724274
3724275
3724276
3724277
3724278
3724279
3724280
3724281
3724282
3724283
3724284
3724285
3724286
3726570
3726571
3726572
3726573
3726574
3726575
3728435
3729105
3729106
3729107
3729108
3730089
3730425
3730426
3730429
3731278
3731279
3731285
3731302
3731305
3731323
3731327
3731370
3731375
3731398
3731417
3731421
3731442
3731471
3731473
3731474
3732014
3732015
3734487
3734488
3734489
3734490
3734491
3734492
3735132
3735169
3735221
3735893
3735894
3735895
3735896
3735897
3735898
3735899
3735900
3736319
3736838
3736839
3736840
3738067
3738068
3738069
3738070
3738071
3738072
3738155
3738157
3738158
3739059
3739064
3739065
3739066
3739067
3739068
3739069
3739070
3739829
3739830
3739831
3739834
3739835
3739836
3739837
3741051
3741052
3741053
3741054
3741055
3741056
3741057
3741739
3741740
3741741
3741742
3741743
3741744
3741745
3741747
3741748
3741752
3741753
3741754
3741780
3742511
3744511
3744512
3744514
3744515
3744516
3744517
3744518
3744519
3744520
3744521
3744522
3744523
3746983
3746984
3746985
3746986
3746987
3746988
3746989
3746990
3746991
3746992
3746993
3748803
3749381
3749382
3749383
3749384
3749385
3750504
3750505
3750506
3750507
3750508
3750509
3750510
3750511
3750512
3750513
3750514
3750515
3750516
3750517
3750518
3750519
3750520
3750521
3750522
3750523
3750524
3750525
3750526
3750527
3750528
3750529
3750530
3750531
3750532
3752260
3752261
3752262
3752263
3752264
3752265
3752266
3752267
3752268
3752269
3752270
3752271
3752272
3752273
3754234
3754235
3754236
3754239
3754240
3754241
3756523
3756524
3756525
3756526
3756527
3756528
3756529
3756530
3756531
3756532
3756533
3756534
3756535
3756536
3756537
3756538
3756539
3756540
3756541
3756542
3756543
3756544
3756545
3756546
3756547
3756549
3756550
3756551
3756552
3756553
3756554
3756555
3757397
3757398
3758919
3758920
3758921
3758922
3758923
3758924
3758925
3758926
3758927
3758928
3758929
3758930
3758931
3758932
3758933
3760869
3760870
3760871
3760872
3760873
3760874
3760875
3760876
3760877
3760878
3760879
3760880
3761554
3761555
3761556
3761557
3763102
3763103
3763104
3763105
3763106
3765431
3765432
3765433
3765434
3765435
3765436
3765437
3765438
3765439
3765440
3765441
3766150
3766232
3766254
3766261
3766265
3766277
3766287
3766303
3766304
3766311
3766323
3766343
3766344
3766355
3766360
3766361
3766366
3766386
3768710
3768711
3768712
3768713
3769239
3769249
3769262
3769279
3769327
3769328
3769329
3769331
3769332
3769333
3769334
3769335
3769360
3769361
3769362
3769372
3772961
3772962
3772963
3777103
3777104
3777105
3777106
3777107
3777108
3779659
3779660
3779661
3781809
3781810
3781811
3781812
3781813
3781814
3781815
3781816
3781817
3781818
3781819
3781820
3781821
3781822
3781823
3781824
3781825
3781826
3781827
3781828
3781829
3781830
3781831
3781832
3781833
3781834
3781835
3781836
3781843
3781844
3781849
3781855
3783349
3783350
3783351
3783352
3783353
3783354
3783355
3783356
3783357
3783358
3783359
3783360
3783361
3783362
3783363
3783364
3783365
3783366
3783367
3783368
3783369
3783370
3783371
3783372
3783373
3783374
3783375
3783376
3783377
3785320
3785321
3785322
3785324
3785325
3785326
3786032
3786033
3786035
3791534
3794257
3794258
3794259
3794260
3794261
3794262
3794263
3794943
3794944
3794945
3794946
3794950
3794951
3794954
3794959
3794971
3794972
3794984
3794985
3794986
3794987
3795021
3795022
3795025
3795036
3795041
3795044
3795045
3795046
3795047
3795051
3795055
3795065
3795066
3795068
3795070
3795076
3795077
3795078
3796083
3796492
3796493
3797197
3797675
3797681
3797682
3799618
3799630
3799717
3799756
3799789
3799886
3799896
3799897
3799898
3799899
3799900
3799912
3799913
3799920
3799921
3799942
3799943
3799945
3799946
3799947
3799948
3799949
3799950
3799951
3799952
3799953
3799955
3799956
3799957
3799959
3799961
3799962
3799963
3799964
3799965
3799966
3799967
3799968
3799969
3799971
3799972
3799973
3799978
3799980
3799993
3799994
3800006
3800014
3800032
3800064
3800097
3800129
3800226
3800227
3800241
3800252
3800399
3800459
3800585
3800621
3800652
3800653
3801665
3801666
3801668
3801669
3801670
3801671
3801672
3802113
3802114
3802115
3804155
3804156
3804157
3804158
3804954
3804955
3807042
3807043
3807679
3807680
3807681
3807682
3807683
3807684
3807685
3807686
3807687
3807688
3807689
3807690
3807691
3807692
3807693
3807694
3807695
3810150
3810151
3810152
3810153
3810333
3810334
3810335
3810336
3810337
3810339
3810340
3810341
3810342
3812133
3812135
3812136
3812137
3812138
3812228
3812229
3812230
3812231
3812232
3812233
3812234
3812235
3812236
3812237
3812238
3812239
3812240
3812241
3812242
3812243
3812244
3812245
3812246
3812247
3812248
3812249
3812250
3812251
3812252
3812253
3812254
3812255
3812256
3812495
3812496
3812500
3812501
3814375
3814376
3814377
3814378
3814379
3814882
3814883
3814884
3814885
3814886
3817137
3817138
3817139
3817140
3817141
3817144
3817145
3817148
3817149
3817150
3817151
3817155
3817671
3817672
3817673
3817674
3817675
3817676
3817677
3817678
3817679
3817680
3817681
3817682
3817683
3819876
3819877
3821321
3821322
3821323
3821324
3821325
3824208
3824890
3824891
3824892
3824893
3827108
3827406
3827643
3827644
3827645
3827646
3827729
3828628
3828630
3829348
3829350
3829351
3829352
3829354
3829355
3829420
3829421
3829422
3829423
3829424
3829425
3829426
3829427
3829428
3829429
3829430
3829432
3829433
3829434
3829435
3832560
3832561
3832562
3832563
3832564
3832565
3832566
3832567
3832568
3832569
3832570
3832848
3832849
3832850
3832851
3832852
3832853
3832854
3832855
3834330
3834347
3835032
3835033
3835034
3835035
3835036
3835037
3835038
3835039
3835040
3835041
3835042
3835043
3836136
3836137
3836138
3836139
3836145
3836146
3836147
3836148
3836736
3836738
3838360
3838361
3838362
3838363
3838364
3838645
3838646
3838647
3838648
3838649
3838650
3840703
3840704
3840705
3840706
3840996
3840997
3843072
3843428
3843429
3843430
3843431
3843432
3843433
3843434
3843435
3843436
3843437
3843579
3843580
3843581
3843582
3843583
3843584
3843585
3843586
3843587
3843590
3843837
3843838
3843839
3845775
3845778
3845859
3845860
3845861
3845862
3846096
3846097
3846098
3846099
3846100
3846101
3846102
3846103
3846105
3846106
3846107
3846110
3848358
3848359
3848360
3848740
3848741
3848742
3848743
3848744
3848745
3848746
3848747
3848748
3848749
3848750
3848751
3850773
3850774
3850775
3850776
3850777
3850778
3850779
3850780
3850781
3850782
3850783
3850784
3850785
3850786
3850792
3851090
3851091
3851092
3851093
3851094
3851095
3851096
3851097
3851098
3851099
3851100
3851101
3852826
3852827
3852828
3852829
3852831
3852832
3852833
3853281
3853282
3853283
3853284
3853285
3853286
3853287
3853288
3855419
3855420
3855421
3855422
3855423
3855773
3855774
3855775
3855776
3855777
3855778
3855779
3857978
3857979
3857980
3857981
3860010
3860011
3860012
3860013
3865573
3868179
3870029
3870069
3870072
3870073
3870074
3870104
3870108
3870109
3870153
3870154
3870155
3870162
3870180
3870181
3870198
3870210
3870230
3870247
3870299
3870320
3870322
3870329
3870361
3870392
3870406
3870418
3870436
3870521
3870557
3870558
3870559
3870560
3870561
3870562
3870565
3870566
3870593
3870595
3870597
3870616
3870619
3870642
3870696
3870717
3870731
3870848
3870878
3870948
3870993
3871008
3871038
3871052
3871078
3871131
3871162
3871163
3871164
3871165
3871166
3871168
3871169
3871172
3871176
3871177
3871178
3871185
3871186
3871193
3871201
3871209
3873924
3873925
3873926
3873927
3873928
3873929
3873930
3873931
3874965
3875190
3875780
3875878
3875979
3876004
3876005
3876006
3876007
3876008
3876012
3876015
3876016
3876017
3876018
3876021
3876022
3876139
3876233
3876234
3876360
3876410
3876438
3876529
3876531
3876606
3876626
3876697
3876755
3876756
3876757
3876758
3876759
3876760
3876761
3877811
3877812
3877813
3877814
3877815
3877816
3877817
3877818
3879649
3879650
3879651
3879652
3879653
3879654
3879655
3879656
3879657
3879658
3879659
3879660
3880072
3880073
3880074
3880075
3880076
3880077
3880078
3880079
3880080
3880081
3880082
3880083
3880084
3880085
3880086
3880087
3880088
3880089
3880090
3880091
3880092
3880093
3882176
3882177
3882178
3882179
3882180
3882181
3882182
3882183
3882184
3882402
3882403
3882404
3882406
3882407
3882408
3882409
3882410
3882411
3882412
3882413
3882414
3882415
3882416
3882417
3882418
3882419
3882420
3884354
3884355
3884356
3884357
3884358
3884359
3884360
3884361
3886555
3886556
3886557
3886558
3887782
3887783
3887784
3887785
3887786
3887787
3887788
3887789
3887790
3887791
3889927
3889928
3890189
3890190
3890191
3890192
3890193
3890194
3890195
3890196
3890380
3890381
3890425
3890426
3892005
3892006
3892007
3892008
3892009
3892010
3892011
3892112
3892113
3892114
3892115
3892116
3892117
3892118
3892119
3892120
3892121
3892122
3893917
3893918
3893919
3893920
3893921
3893922
3893923
3893924
3893925
3893926
3893927
3893928
3893929
3893930
3893931
3893932
3893933
3893934
3893936
3894208
3894210
3894211
3894215
3894216
3894219
3894220
3896647
3896648
3896649
3896650
3896651
3897462
3897463
3897464
3897465
3897466
3897467
3897468
3897469
3897470
3897471
3897472
3897473
3897474
3899655
3899656
3899657
3899658
3899998
3899999
3900000
3900001
3900002
3900003
3900004
3900007
3900008
3900009
3900010
3900011
3900012
3902433
3902435
3902436
3902851
3902852
3902853
3902854
3902855
3902856
3902857
3902858
3902859
3905041
3905042
3905043
3905046
3905048
3905049
3905050
3905355
3905356
3905535
3905537
3905563
3907223
3907225
3907226
3907227
3907228
3907231
3907232
3907233
3907307
3907308
3907309
3907310
3907311
3907312
3907313
3907314
3907315
3907316
3907317
3907318
3907319
3907320
3907321
3907322
3909647
3909648
3909708
3909709
3909710
3909711
3909715
3912341
3912342
3912348
3912349
3913847
3913848
3916102
3916104
3916105
3916655
3916656
3916657
3916658
3916659
3919485
3919486
3919487
3919488
3919492
3919493
3919494
3919495
3919496
3920055
3920056
3920058
3920059
3920060
3920061
3920062
3920063
3920064
3920065
3920066
3920067
3920068
3922846
3922860
3924514
3924516
3924517
3924518
3924519
3924520
3924521
3924522
3924523
3924524
3924613
3924614
3924615
3924616
3924617
3924618
3924619
3924620
3924621
3924622
3924623
3924624
3924625
3924626
3924627
3924628
3924632
3924633
3924634
3926977
3926978
3926979
3926980
3927353
3927354
3927355
3927356
3927357
3927358
3927359
3927360
3927361
3927362
3929746
3929747
3929748
3929749
3929750
3929751
3931031
3931034
3931035
3934319
3934320
3934321
3934322
3934323
3934324
3934325
3934326
3934327
3934328
3936784
3936785
3936786
3936787
3936788
3937002
3937003
3937004
3937005
3937006
3937007
3937008
3937009
3937010
3937011
3939191
3939192
3939193
3939194
3939445
3940537
3940538
3940539
3942372
3942373
3942374
3942375
3942376
3942377
3942378
3942379
3942380
3942381
3942502
3942503
3942504
3942505
3942506
3942507
3942508
3942509
3942510
3942511
3942512
3942513
3942514
3942515
3942516
3942517
3942518
3942519
3942520
3942521
3942522
3942523
3942524
3942525
3942526
3944771
3945504
3945505
3945506
3945507
3945508
3945509
3945510
3945511
3945512
3947997
3947998
3948397
3948398
3948399
3948400
3948401
3948402
3948403
3948404
3948405
3950840
3950910
3951862
3951863
3951864
3954351
3954352
3954353
3954354
3954355
3955228
3955229
3955230
3955231
3955232
3957404
3957405
3957406
3957407
3957408
3957409
3957571
3958098
3959630
3959631
3959632
3959732
3959733
3959734
3959735
3959736
3959737
3959738
3959739
3959740
3959741
3959743
3959744
3959745
3961889
3962325
3964947
3964948
3964949
3968240
3968241
3968242
3968243
3968244
3968245
3968246
3968247
3968248
3968249
3970595
3970596
3970597
3970836
3970837
3970838
3970839
3970840
3970841
3972654
3972655
3972656
3972657
3973474
3973475
3973476
3973477
3973478
3973479
3973480
3973481
3973482
3973483
3973484
3973485
3973486
3975328
3975329
3975408
3975682
3975683
3975717
3975718
3976175
3976176
3976264
3976265
3976266
3976267
3976270
3976271
3976272
3976273
3976274
3976275
3978728
3978733
3978734
3978735
3978736
3979972
3979973
3979974
3979975
3979976
3982384
3982731
3982732
3982733
3982734
3982735
3982736
3982737
3982738
3985291
3985292
3985293
3985294
3987458
3987459
3987460
3987957
3987958
3987959
3987960
3987961
3987962
3987963
3987964
3990134
3990341
3991978
3991979
3991980
3991981
3991982
3991983
3991984
3991985
3991986
3991987
3991988
3991989
3991990
3991991
3991992
3991993
3991994
3991995
3991996
3992194
3992195
3992196
3992197
3992198
3992199
3992200
3992201
3992202
3992203
3992204
3992205
3992206
3992207
3992208
3992209
3992210
3992211
3992212
3992213
3992214
3992215
3992216
3992217
3992218
3992219
3992220
3992221
3992222
3992224
3992225
3994389
3994390
3994721
3994722
3994723
3994724
3994725
3994726
3994727
3994728
3994729
3994730
3994732
3994733
3994734
3994735
3994736
3994737
3994738
3994739
3994740
3994741
3994742
3994743
3994744
3997891
3997892
3997893
3997894
3997895
3997896
3997897
3997898
3997899
3997900
3997901
3997902
3997903
3997904
3997905
3997906
4000368
4000369
4000370
4000371
4000372
4001217
4001218
4003801
4004315
4004316
4004317
4004318
4004319
4004320
4004321
4006260
4006261
4006653
4006654
4006705
4006706
4006707
4006708
4006709
4006710
4006711
4006712
4006713
4006714
4006715
4006716
4006717
4006718
4006719
4006720
4008247
4008248
4008249
4008489
4008490
4008491
4008492
4008493
4008494
4008495
4008496
4008497
4008498
4008499
4008500
4008501
4008503
4008509
4008510
4008521
4010605
4010606
4010607
4010608
4010609
4010912
4010915
4013452
4013453
4013454
4013455
4014757
4014758
4014759
4014760
4016856
4017424
4017425
4017426
4017427
4017428
4017432
4017901
4020250
4020845
4020846
4020847
4020848
4020849
4023506
4023507
4023762
4023763
4023812
4023813
4023816
4023817
4025329
4025487
4025488
4025489
4025490
4025491
4025809
4025810
4025811
4025812
4025813
4025922
4025924
4025932
4025937
4025986
4025988
4026030
4026039
4026040
4028078
4028079
4028394
4028395
4028396
4028397
4028398
4028399
4028400
4028401
4028402
4028403
4028404
4028405
4028406
4028407
4028408
4028409
4028411
4028413
4030794
4030795
4030796
4031151
4031345
4031360
4031361
4033966
4033967
4033968
4037196
4037201
4037426
4037427
4037428
4037429
4037430
4037431
4037432
4037434
4037435
4037436
4037437
4037438
4039919
4039920
4039921
4040221
4040222
4040264
4042122
4042123
4042124
4042125
4042128
4042129
4042238
4042239
4042240
4042241
4042242
4042243
4042244
4042245
4042246
4042247
4042248
4042249
4042250
4042251
4042252
4042253
4042254
4043100
4044999
4045000
4045001
4045002
4045003
4045004
4045352
4045353
4045354
4045355
4047737
4047738
4047739
4047740
4047741
4047742
4047743
4047744
4047745
4048114
4048115
4048116
4048117
4051375
4051376
4051377
4051984
4051985
4051986
4051987
4051988
4051989
4051990
4055199
4055200
4055201
4056329
4058548
4058774
4059262
4059278
4061394
4061395
4061396
4061397
4061398
4061399
4061400
4061405
4061406
4061407
4061549
4061550
4061551
4061552
4061553
4061554
4061555
4061556
4061557
4061558
4061559
4071402
4071403
4071404
4071405
4071406
4071731
4071732
4071733
4071735
4075195
4075196
4075588
4075589
4075590
4075591
4075592
4075593
4075594
4075595
4075596
4075597
4075598
4075599
4075600
4075601
4075602
4075603
4075604
4075605
4075606
4075607
4075608
4075609
4075610
4075611
4075612
4077065
4077066
4077067
4077068
4077069
4077070
4077071
4077072
4077073
4077074
4077075
4077076
4079455
4079666
4079667
4079668
4079669
4079670
4079671
4080815
4080821
4080822
4081922
4082022
4082023
4082024
4082025
4082026
4082027
4082028
4082029
4082030
4082031
4082032
4082033
4082034
4082345
4084228
4084229
4084230
4084231
4084232
4084233
4084234
4084235
4084300
4084301
4084302
4084303
4084304
4084305
4084306
4084307
4084308
4084309
4084310
4084311
4084312
4084313
4084314
4084315
4084316
4084317
4084318
4084319
4084320
4084321
4084322
4084323
4084324
4084325
4084326
4084327
4084328
4084329
4086751
4089122
4089123
4089124
4089125
4089126
4089127
4089128
4089129
4089130
4089132
4091743
4091744
4092211
4092212
4092213
4092214
4092215
4092216
4092217
4092218
4092219
4094500
4094501
4094503
4094504
4094936
4094937
4094938
4094939
4094940
4094941
4094942
4097603
4097604
4097605
4097606
4097607
4097608
4098049
4098050
4098051
4098052
4098053
4098054
4098055
4098056
4098057
4098058
4098059
4098060
4098061
4098062
4098063
4098064
4098065
4098066
4098067
4098068
4100301
4100944
4100945
4100946
4100947
4100948
4100949
4100950
4100951
4101947
4102074
4102075
4102077
4104581
4104582
4104583
4104817
4104818
4107623
4107624
4107625
4107684
4107685
4107686
4107687
4107688
4107689
4107690
4107691
4107692
4107693
4107696
4110710
4110720
4111873
4111874
4111875
4111876
4111877
4111878
4111879
4111880
4111881
4111882
4111883
4111884
4111885
4111886
4111887
4111888
4111889
4111890
4111891
4111892
4111894
4111895
4114969
4114970
4114976
4115923
4115924
4117953
4117954
4118313
4118314
4118315
4118316
4118317
4118318
4118319
4118320
4118417
4120560
4120562
4120563
4120564
4120565
4120566
4120567
4120568
4120569
4120719
4120720
4120774
4120775
4120776
4120777
4120924
4120925
4120978
4120979
4121292
4121293
4121294
4121295
4121296
4121297
4121298
4121299
4121300
4121301
4121302
4121303
4121304
4121305
4121306
4121307
4121308
4121309
4121312
4121313
4121314
4121315
4123617
4123619
4124612
4124613
4124614
4124615
4124616
4124617
4124618
4128043
4128081
4128261
4128262
4129399
4129403
4132776
4132795
4133148
4133149
4133150
4133151
4133152
4135976
4135977
4136269
4136270
4136271
4136272
4136273
4136274
4138969
4138970
4138971
4139162
4140991
4140992
4141087
4141088
4141089
4141090
4141091
4141092
4141093
4143613
4143614
4143615
4143952
4143953
4143954
4143955
4143956
4143957
4143958
4143960
4146578
4147723
4147724
4147725
4150900
4152647
4152649
4152707
4156955
4157460
4157461
4157462
4157463
4157464
4157465
4157466
4160291
4160292
4160293
4160294
4160295
4160296
4160297
4160298
4160299
4160787
4160788
4160789
4162747
4162748
4162749
4162818
4162866
4162867
4162868
4162869
4162870
4162871
4162872
4162873
4162874
4162875
4162876
4162877
4162878
4162879
4162880
4162881
4162882
4162883
4162884
4162885
4162886
4162887
4162888
4162889
4162894
4162895
4162896
4162897
4162898
4166422
4166423
4166424
4166920
4166921
4166922
4166923
4166924
4171361
4171362
4171915
4175518
4176839
4176840
4176841
4176842
4179589
4179590
4179591
4179592
4179618
4179633
4181774
4183201
4183226
4185293
4185294
4185295
4185566
4185569
4185574
4185635
4187996
4187997
4187998
4187999
4188000
4188001
4188183
4194931
4197883
4197884
4198224
4200349
4200351
4200352
4200495
4200496
4202097
4202188
4202189
4202190
4202191
4202192
4202193
4204286
4204589
4204590
4204591
4208403
4208580
4208581
4213256
4213257
4213258
4214933
4214934
4214997
4214998
4214999
4215000
4215001
4215002
4215003
4215004
4215008
4215011
4215012
4215013
4215014
4215015
4215016
4215020
4215021
4215022
4217090
4217428
4217429
4222371
4222372
4222374
4225118
4225119
4226918
4226919
4227102
4227103
4228854
4228855
4228856
4228857
4228858
4228902
4228903
4228904
4228905
4228907
4231114
4231115
4231116
4233447
4233448
4233449
4233450
4237939
4238126
4238127
4238128
4238129
4238130
4240133
4240316
4240429
4240430
4240431
4240472
4240473
4240474
4241801
4241834
4241835
4241836
4241837
4241838
4241839
4243775
4244579
4246529
4246530
4246531
4246532
4248144
4248167
4248483
4248484
4250164
4253949
4254771
4254854
4254856
4254857
4254860
4255074
4255076
4255077
4255078
4255080
4256552
4256553
4256954
4258820
4259116
4259117
4259124
4259141
4259152
4260720
4260727
4260728
4262384
4262499
4262500
4262501
4262502
4262504
4264048
4264049
4264050
4264051
4264403
4264404
4264405
4264406
4264900
4264901
4264902
4264903
4264910
4267082
4267083
4267129
4267130
4267131
4267132
4267133
4267134
4267135
4267136
4267137
4267138
4267139
4267140
4267141
4269215
4269216
4269217
4269219
4271804
4273819
4274038
4274039
4275866
4275867
4275868
4275869
4275951
4276171
4276172
4276198
4276199
4276200
4276201
4276202
4276203
4276204
4276205
4276206
4276207
4276208
4276209
4276210
4278672
4278673
4278725
4278726
4278727
4278729
4278730
4280902
4281216
4281217
4281353
4283591
4283592
4283593
4283594
4283595
4283871
4283872
4283873
4283874
4283875
4283876
4283877
4283879
4286053
4286054
4286055
4286059
4286060
4286441
4286442
4286443
4288872
4288873
4289044
4289045
4289046
4289047
4289048
4289049
4289051
4291419
4291420
4291421
4291422
4291688
4291690
4291691
4291692
4294403
4294570
4294581
4294583
4295105
4295115
4295117
4295118
4295119
4295120
4295121
4295122
4295124
4295190
4295191
4295235
4295305
4295306
4295313
4299521
4299522
4299523
4299524
4299526
4299527
4299538
4303784
4303939
4304156
4307161
4307162
4307657
4307660
4311333
4311967
4311968
4311969
4312002
4317350
4318473
4318475
4318476
4318478
4318479
4318482
4318485
4318487
4321966
4321975
4322278
4322316
4322350
4326940
4326941
4326945
4327251
4327252
4327253
4327255
4327256
4327258
4327259
4327267
4327282
4327296
4327304
4329881
4329885
4329886
4329888
4329889
4332498
4332499
4332500
4332501
4332502
4332503
4332504
4332505
4332506
4332507
4332508
4332509
4332510
4332511
4332512
4332513
4332514
4332515
4332933
4332934
4332935
4332936
4332937
4332938
4332941
4332942
4332947
4332949
4334663
4335631
4335656
4336201
4336202
4336203
4336204
4336205
4336259
4338886
4338887
4338888
4338889
4338935
4338936
4338937
4338938
4338939
4338940
4338941
4338942
4338943
4341902
4341903
4341907
4341909
4341910
4342114
4342115
4343648
4343649
4343650
4343651
4344719
4344720
4344721
4344722
4344723
4344724
4344725
4344728
4344731
4344745
4346811
4347501
4347503
4347504
4347507
4347509
4347511
4347514
4347515
4347530
4347543
4350122
4350123
4350124
4350125
4350126
4350660
4350661
4350663
4350664
4350666
4353016
4353017
4353018
4353019
4353384
4353866
4353867
4354695
4354698
4356576
4356578
4356579
4356580
4356581
4356582
4356583
4356590
4356596
4356614
4356615
4356616
4356618
4356620
4356621
4356622
4359397
4359602
4359603
4359892
4359893
4359894
4359895
4359896
4359897
4359908
4359909
4359910
4359911
4359912
4359913
4359914
4359918
4361489
4361490
4361491
4361556
4361557
4361558
4361559
4361560
4361561
4361563
4361564
4361565
4361567
4361568
4361569
4361570
4361571
4361591
4361593
4361594
4361657
4361661
4361690
4361692
4363450
4363451
4363452
4363453
4363454
4363455
4363456
4363457
4363458
4363459
4363460
4363939
4363940
4363941
4363942
4363943
4363944
4363945
4363946
4363947
4363948
4363949
4363950
4363951
4363952
4363953
4363954
4363955
4363956
4363957
4363958
4363959
4363960
4363961
4363962
4363963
4363964
4363965
4363966
4366129
4366130
4366131
4366132
4366133
4366134
4366135
4366136
4366137
4366138
4366139
4366140
4366141
4366142
4366143
4366144
4366145
4366146
4366147
4366944
4366945
4366946
4366947
4366948
4366952
4366982
4366991
4369115
4369116
4369117
4369118
4369398
4369399
4369400
4369401
4369403
4369405
4371975
4371976
4372360
4372361
4372363
4372365
4372366
4372367
4372371
4372375
4372377
4375141
4375142
4375143
4375144
4375145
4375379
4375429
4376015
4376797
4376798
4376799
4376800
4376801
4376802
4376803
4376804
4376885
4376886
4376887
4376888
4376889
4376890
4376891
4376892
4376893
4376894
4376895
4376896
4376897
4376898
4376899
4376900
4376901
4376902
4376903
4376904
4376905
4376906
4376907
4376908
4376909
4376910
4376911
4376912
4376913
4376914
4376915
4376916
4376917
4376918
4376919
4376920
4376921
4376927
4376928
4376929
4376937
4376948
4376951
4376952
4376953
4376954
4376955
4376956
4376957
4376965
4376966
4376967
4376975
4376976
4378613
4378614
4378615
4378616
4378617
4378618
4378620
4378621
4378622
4378623
4378624
4378625
4378626
4379246
4379247
4379248
4379249
4379250
4379253
4379261
4379273
4379274
4381531
4381532
4381533
4381871
4381872
4381873
4381875
4381876
4381877
4381878
4381879
4381880
4381887
4381889
4381909
4383965
4383968
4384647
4384648
4384649
4384650
4384651
4384653
4384654
4384655
4384656
4384657
4384659
4384660
4384661
4384662
4384663
4384664
4384665
4384666
4384708
4384724
4384864
4384866
4384868
4384870
4386927
4386929
4386930
4386931
4387393
4387394
4387395
4387396
4387397
4387398
4387399
4387400
4387401
4387402
4387403
4387406
4387416
4387417
4387418
4387419
4387420
4387424
4387468
4389996
4390270
4390271
4390272
4390273
4390274
4390275
4390282
4390476
4390480
4390511
4390512
4390513
4390514
4392361
4392362
4392363
4392364
4392365
4392366
4392367
4392867
4392868
4392869
4392870
4392871
4392872
4392873
4392874
4392875
4392876
4392877
4392878
4392879
4392880
4392882
4392883
4392884
4392885
4392886
4392887
4392891
4392892
4392894
4392933
4392983
4395048
4395049
4395759
4395760
4395761
4395763
4395764
4395765
4395766
4397866
4397867
4397880
4398315
4398316
4398317
4398318
4398319
4398320
4400222
4400223
4400987
4400988
4400989
4400990
4400991
4400992
4400994
4400995
4400996
4400998
4401092
4403869
4403870
4403871
4403872
4403873
4403876
4403955
4406186
4406187
4406188
4406189
4406620
4406621
4406623
4406625
4406945
4406946
4406957
4408249
4408250
4408251
4408672
4408673
4408674
4408675
4408676
4408678
4408679
4408681
4408683
4408684
4408705
4409432
4409433
4410107
4410937
4410938
4410942
4410953
4410955
4410956
4412907
4412908
4412909
4412910
4412911
4414205
4414206
4414207
4414208
4414209
4414210
4414211
4414212
4414213
4414214
4414215
4414216
4414217
4414218
4414219
4414220
4414221
4414222
4414223
4414224
4414225
4414226
4414227
4416572
4416573
4416574
4416575
4416599
4416600
4416601
4416602
4416603
4416604
4416605
4416613
4416767
4417334
4418614
4418615
4418616
4418936
4418937
4418968
4419048
4419110
4421251
4421252
4421253
4421254
4421255
4421502
4421503
4421504
4421516
4421532
4421533
4422971
4422972
4423119
4423120
4423121
4423122
4423123
4423124
4423125
4423126
4423127
4423128
4423129
4423131
4423137
4423349
4424808
4425233
4425234
4425236
4425237
4425238
4425239
4425240
4425241
4425288
4425292
4427072
4427553
4427554
4427555
4427556
4427557
4427558
4427560
4427561
4427562
4427563
4427568
4427636
4428123
4429313
4429314
4429315
4429317
4429318
4429772
4429773
4429774
4429775
4429776
4429777
4429778
4429779
4429781
4429782
4429849
4432625
4432630
4432631
4432632
4432633
4432641
4432663
4432698
4433503
4434906
4434907
4434923
4434941
4434984
4434990
4435374
4435375
4435503
4435524
4435525
4435540
4435543
4435544
4435560
4435567
4435568
4435569
4436946
4436947
4436948
4436949
4436950
4437041
4437042
4437043
4437044
4437045
4437046
4437047
4437048
4437049
4437050
4437051
4437053
4437054
4437057
4437065
4437066
4437067
4437076
4437104
4437105
4437114
4439147
4439148
4439749
4439750
4439751
4439752
4439753
4439754
4439789
4439812
4439814
4439815
4439816
4439817
4439818
4439906
4439953
4441761
4441762
4441763
4441764
4441765
4442180
4442181
4442182
4442183
4442184
4442185
4442186
4442187
4442200
4442203
4444155
4444567
4444568
4444569
4444570
4444571
4444572
4444580
4444607
4444613
4444798
4444874
4446658
4446659
4446661
4446662
4446663
4446664
4446665
4446666
4446667
4446668
4446669
4447007
4447008
4447009
4447010
4447011
4447012
4447013
4447014
4447015
4447018
4447025
4447030
4447031
4447032
4447043
4447045
4447073
4449038
4449253
4449254
4449255
4449256
4449257
4449258
4449274
4449284
4449285
4449287
4449288
4449521
4449590
4449827
4450815
4450816
4450982
4450983
4451040
4451567
4451568
4451569
4451570
4451571
4451572
4451753
4451754
4451755
4451774
4451781
4454205
4462497
4462809
4462810
4462811
4462812
4462813
4462814
4462815
4462863
4462866
4462953
4464670
4464677
4465298
4465299
4465300
4465303
4465304
4465307
4465308
4465337
4465339
4465500
4467300
4467302
4467303
4467304
4467309
4467310
4467312
4467314
4467523
4467524
4467525
4467526
4467527
4467528
4467529
4467530
4467531
4467532
4467533
4467534
4467535
4467536
4467537
4467538
4467552
4467553
4467622
4467625
4469486
4469681
4469682
4469683
4469685
4469698
4469812
4469834
4469836
4469838
4471078
4471079
4471080
4471084
4471229
4471230
4471983
4472257
4472645
4472683
4472684
4472686
4472689
4472690
4472691
4472692
4473241
4473242
4473243
4473246
4473403
4473404
4473405
4473406
4473407
4474911
4474913
4474914
4475220
4475550
4475985
4476592
4476684
4476686
4476741
4476870
4476913
4476915
4476916
4476917
4476918
4476925
4476931
4478166
4478167
4479588
4479589
4479590
4479591
4479593
4479613
4479614
4481884
4482015
4482016
4482017
4482018
4482019
4482448
4482449
4482450
4482451
4482452
4482456
4482457
4482458
4482460
4482461
4482908
4482909
4483650
4483651
4483655
4483656
4483657
4483658
4483700
4483701
4483702
4483703
4483704
4483705
4483706
4483707
4483709
4483751
4485092
4485093
4485094
4485526
4485528
4485536
4485551
4485564
4487466
4487467
4487468
4487469
4487470
4487471
4487472
4487473
4487474
4487475
4487476
4487477
4487478
4487479
4487480
4487481
4487482
4487483
4487484
4487485
4487486
4487487
4487488
4487489
4487490
4487863
4487864
4487865
4487866
4487868
4487874
4489574
4489575
4489576
4489577
4489578
4489579
4489580
4489581
4489582
4490104
4490105
4490106
4490107
4490108
4490123
4492023
4492024
4492692
4492693
4492694
4492695
4492696
4492697
4492698
4492699
4492701
4492716
4492756
4492866
4493040
4493093
4494976
4495358
4495359
4495367
4495368
4495381
4495531
4495548
4495603
4496752
4496753
4496754
4496755
4496756
4496806
4496807
4496808
4496809
4496810
4496811
4496812
4496813
4496814
4496815
4496817
4496820
4496827
4496966
4497037
4498504
4498505
4498506
4498507
4498994
4498996
4498997
4498998
4498999
4499000
4499001
4499002
4499003
4499004
4499009
4499216
4500545
4500985
4500986
4500987
4500988
4500995
4501423
4501424
4501425
4501426
4501427
4501428
4501429
4501430
4501431
4501432
4501433
4501435
4501437
4501438
4501450
4501488
4501489
4501589
4503586
4504544
4506229
4506230
4506231
4508165
4508350
4508351
4508612
4508613
4508614
4508645
4509998
4509999
4510000
4510001
4510002
4510003
4510004
4510246
4510247
4510248
4510249
4510901
4510902
4511382
4511551
4511774
4512726
4512727
4512728
4512730
4514522
4514523
4514524
4515538
4515539
4516898
4517046
4517244
4517263
4517580
4517581
4517582
4517583
4520061
4520063
4520068
4520108
4522388
4522389
4522390
4522391
4522392
4522393
4522394
4522395
4522431
4522742
4522743
4522771
4523973
4523974
4524279
4524280
4524291
4524292
4524464
4524538
4524606
4524607
4525881
4526003
4526004
4526016
4526017
4526018
4528901
4529059
4529060
4529063
4529064
4529065
4529066
4529068
4529086
4531030
4531031
4531032
4531392
4531393
4531394
4531408
4531493
4535637
4535638
4535639
4535640
4535641
4535642
4537733
4537734
4538167
4538718
4538719
4539940
4539941
4539942
4540163
4540164
4540165
4540166
4540167
4540168
4540169
4540170
4540171
4540172
4540173
4540174
4541756
4541757
4542331
4542332
4542333
4542334
4542339
4544360
4544361
4544362
4544364
4544378
4546137
4546139
4546140
4546529
4546530
4546535
4546538
4546612
4546694
4546878
4547419
4548334
4548471
4548964
4548968
4548971
4548972
4548981
4549302
4549303
4549304
4551400
4551673
4552310
4552352
4554124
4554313
4554314
4554317
4554318
4554319
4554320
4554321
4554322
4554323
4554324
4556957
4556959
4557914
4557917
4557920
4557921
4557922
4557923
4557924
4557925
4557926
4557929
4557931
4557935
4557940
4558013
4558086
4560067
4560068
4560069
4560072
4560073
4560074
4560075
4560076
4560077
4560078
4561322
4561326
4561331
4561419
4563246
4563247
4563248
4563249
4564159
4564160
4564316
4564426
4566292
4566293
4566294
4566296
4566297
4566302
4567484
4567531
4567532
4567533
4568507
4568508
4568524
4568525
4568526
4568533
4568540
4568668
4569975
4569976
4569978
4570229
4570230
4570231
4570232
4570233
4570286
4571867
4572003
4572004
4572007
4572008
4572009
4572010
4572011
4572035
4572036
4572352
4573516
4573517
4573518
4573519
4574515
4574516
4574517
4576177
4576178
4576179
4576181
4576182
4577189
4577190
4577191
4577192
4577193
4577194
4577197
4577337
4577338
4577341
4577342
4577343
4578494
4578495
4578496
4578497
4579822
4579823
4579825
4579826
4579827
4579828
4579829
4579830
4579831
4579832
4579833
4579834
4579835
4579837
4579883
4581329
4582125
4582151
4582152
4582174
4582350
4584061
4584062
4584063
4584064
4584065
4584066
4584067
4584068
4584069
4584070
4584071
4584072
4584073
4584074
4584075
4584076
4584077
4584078
4584079
4584080
4584081
4584387
4584408
4586712
4586713
4586714
4586715
4586716
4587165
4587292
4588858
4588859
4588860
4590047
4590048
4590049
4590050
4590596
4591459
4591468
4591859
4592258
4592541
4592542
4592556
4592739
4592790
4592866
4594364
4594365
4594366
4594367
4594368
4594369
4594370
4596661
4596662
4597296
4597297
4597298
4597299
4597300
4597301
4597302
4597303
4597307
4597312
4597329
4597623
4597624
4597626
4597627
4597628
4597629
4597630
4597631
4597632
4597633
4597634
4597635
4597636
4597637
4597638
4597639
4597640
4597641
4597642
4597643
4599809
4600601
4600602
4600603
4600604
4600605
4600606
4600607
4600608
4600609
4602747
4602748
4604062
4604112
4604113
4604114
4604115
4604116
4604129
4604131
4604132
4604135
4604136
4604138
4606600
4606606
4606607
4606608
4606609
4606613
4606615
4606617
4606622
4608658
4608920
4608921
4608922
4609175
4609176
4609194
4609195
4609197
4609198
4609199
4609200
4609201
4609202
4609721
4609975
4610000
4610046
4610126
4610195
4610263
4610269
4610296
4610298
4610300
4610301
4610305
4610315
4610316
4610424
4610425
4610426
4610427
4612333
4612341
4612630
4612631
4612632
4612633
4612634
4612635
4612636
4612637
4612638
4612639
4612640
4612641
4614504
4615562
4615563
4615564
4615568
4615603
4615609
4615614
4615642
4616274
4616987
4616989
4616990
4617079
4617142
4617144
4617145
4617152
4617822
4617823
4617824
4617825
4617826
4617827
4617828
4617829
4617830
4617831
4617832
4617833
4617834
4617835
4617836
4619751
4620408
4620409
4620410
4620411
4620413
4620414
4622833
4622834
4622835
4622836
4622837
4622838
4623003
4623079
4623091
4623092
4623093
4624301
4624303
4624363
4624364
4624365
4624366
4624367
4624368
4624369
4624370
4624371
4624372
4624373
4624374
4624375
4624376
4624377
4624378
4624379
4626415
4626416
4626426
4626441
4626442
4626971
4626972
4626976
4626977
4626978
4626979
4626980
4626981
4626982
4626983
4629486
4629487
4629488
4629489
4630064
4630065
4630066
4630067
4630069
4632061
4632062
4632566
4632567
4632568
4632569
4632570
4632571
4632572
4632573
4635157
4635158
4635532
4635533
4635534
4635535
4635536
4635547
4637793
4637794
4637795
4637796
4637797
4637798
4637961
4637964
4639454
4639456
4639457
4639458
4639459
4640098
4640099
4640100
4640101
4640102
4640105
4640106
4640107
4640108
4640137
4642442
4642443
4643033
4643034
4643035
4643036
4643039
4645572
4645573
4645964
4645965
4645966
4645967
4645968
4645969
4645970
4645972
4645973
4645974
4645975
4648352
4648355
4648356
4648357
4648358
4648359
4648360
4648361
4648362
4650551
4650552
4651659
4651660
4651661
4651703
4651715
4651729
4651956
4653545
4653772
4654427
4654452
4654453
4654454
4655881
4655882
4656767
4656772
4656775
4656776
4656777
4656784
4656785
4658960
4658961
4658962
4659379
4659380
4659381
4659382
4659383
4659384
4659385
4659386
4659387
4659388
4659389
4659390
4659391
4661642
4661643
4661996
4661997
4661999
4662001
4662573
4664054
4664055
4664365
4664367
4664368
4664369
4664370
4664372
4664373
4664374
4666573
4666575
4667242
4667249
4669654
4669655
4669656
4669657
4669658
4669659
4669660
4669927
4669950
4671785
4671787
4671789
4671867
4671868
4671869
4671870
4671871
4671872
4671873
4673903
4673906
4673907
4674297
4674298
4674299
4674300
4674301
4674302
4676188
4676189
4676455
4676456
4676457
4676458
4676459
4676460
4676461
4676462
4676463
4676464
4676904
4677142
4677718
4677787
4677841
4677842
4677843
4678213
4678214
4678215
4678488
4678489
4678490
4678491
4678492
4678493
4678494
4678495
4678496
4680582
4680583
4680585
4680586
4680924
4680925
4680926
4680927
4680928
4680929
4680930
4680931
4680932
4680933
4680934
4680935
4683302
4683303
4683305
4683509
4683510
4683511
4683528
4683529
4685078
4685080
4685167
4685174
4685175
4685176
4685177
4685178
4685179
4685180
4685181
4685182
4685183
4685184
4685185
4685187
4686958
4686959
4686960
4687692
4687693
4687694
4687695
4687696
4687697
4687698
4687699
4687700
4687701
4689397
4689898
4691524
4691527
4691528
4691529
4691530
4691531
4691532
4691534
4691535
4691536
4693086
4693087
4693088
4693089
4693090
4693091
4693501
4693502
4693503
4693504
4693505
4693506
4693507
4693508
4693510
4693511
4693512
4693513
4693514
4693515
4693516
4693518
4693519
4693520
4693521
4695387
4695388
4695389
4695840
4695841
4695842
4695843
4695844
4695848
4695849
4695851
4695852
4697546
4697547
4697548
4697549
4697550
4697551
4697552
4697553
4697554
4697555
4697556
4697557
4697558
4697696
4697697
4697698
4697699
4697700
4697701
4697702
4697703
4697704
4697705
4697706
4697707
4697708
4697709
4697710
4697711
4697712
4697713
4697714
4697715
4697716
4697717
4697718
4697719
4697720
4697721
4697722
4697723
4697724
4697725
4697726
4697727
4697766
4697767
4697768
4697769
4697770
4697771
4697772
4697773
4697774
4697775
4697776
4697777
4698845
4698846
4698847
4698848
4699033
4699040
4699050
4699054
4699270
4699275
4699276
4699277
4700672
4700673
4700674
4700675
4700677
4700678
4700679
4700680
4700681
4700682
4700683
4700684
4700864
4700865
4700866
4700867
4700868
4700869
4700870
4700871
4700872
4700873
4700874
4700875
4700876
4700877
4700878
4700879
4700880
4702744
4702748
4702749
4703807
4703808
4703809
4703811
4703812
4705655
4705656
4705657
4705658
4706627
4706628
4706629
4706630
4706631
4706632
4708709
4708710
4708711
4708712
4709187
4709188
4709189
4711010
4711011
4711152
4711153
4711154
4711155
4711156
4711157
4711359
4711360
4711361
4712502
4712503
4712504
4712505
4712507
4712508
4712831
4712832
4712833
4712834
4712835
4712836
4712837
4712838
4712839
4714571
4714572
4714573
4714574
4714575
4714576
4714577
4714578
4714579
4714580
4714581
4714582
4714583
4714584
4714585
4718981
4718982
4718983
4718984
4718985
4718986
4718987
4718988
4718989
4718990
4718991
4718992
4718993
4718994
4718995
4719044
4719434
4719435
4719436
4719437
4719438
4719439
4719440
4719441
4719442
4719443
4719444
4719445
4719446
4719447
4719448
4719449
4719450
4721276
4721367
4721368
4721591
4721592
4721593
4721594
4721595
4721598
4721922
4723188
4723189
4723190
4723191
4723192
4723290
4723291
4723292
4723548
4723549
4723584
4723585
4723586
4725066
4725068
4725069
4725156
4725157
4725158
4725160
4725161
4725162
4725163
4725164
4725165
4725166
4725167
4725168
4725169
4725170
4725171
4725172
4725173
4726784
4726785
4726786
4727566
4727567
4727568
4727569
4729744
4729745
4730814
4730815
4730816
4730817
4730818
4730819
4730820
4730821
4730822
4732712
4732713
4732714
4732715
4733184
4733185
4733186
4733187
4733188
4733189
4733190
4733191
4735430
4735690
4735691
4735692
4735697
4735699
4735700
4735701
4735703
4737634
4737853
4737854
4737855
4739327
4739328
4739337
4739338
4739340
4739462
4739463
4739466
4739467
4739468
4739469
4739470
4739471
4739472
4739473
4739474
4739475
4739476
4740260
4740261
4741249
4741250
4741251
4741749
4741750
4741751
4741752
4741753
4741754
4741755
4741756
4743987
4744257
4744258
4744259
4744260
4744261
4746198
4746199
4746865
4746866
4746868
4749104
4749105
4749112
4749712
4749714
4749719
4752008
4752010
4752259
4752260
4752455
4752457
4752458
4752459
4752460
4752483
4752484
4752486
4752488
4754157
4754161
4754162
4754163
4754677
4754678
4754679
4754681
4754683
4754684
4754685
4754686
4754688
4754689
4755332
4756725
4756726
4756727
4756732
4756733
4756734
4757704
4757706
4757707
4757709
4757712
4757713
4757716
4759938
4759939
4759940
4759941
4759942
4759943
4759944
4759945
4759946
4759948
4759949
4759950
4759951
4760383
4760384
4760385
4760388
4760389
4760391
4760393
4760395
4762371
4762372
4762373
4762374
4762375
4762376
4762377
4762378
4763085
4765147
4765149
4765150
4766078
4766080
4766082
4769626
4769830
4769970
4769974
4771619
4771620
4771621
4771622
4771623
4771625
4771626
4771627
4771628
4771819
4771821
4771822
4771823
4771825
4771826
4771827
4771828
4771830
4771831
4771832
4771833
4771834
4771836
4771837
4771991
4771992
4773691
4773692
4773694
4773695
4773696
4773699
4773701
4773702
4773704
4773705
4773707
4773710
4775453
4775454
4778163
4780009
4780010
4780011
4780013
4780014
4780512
4780515
4780517
4780518
4782467
4782468
4782979
4782980
4782981
4782982
4782983
4782984
4782985
4782986
4782987
4782988
4782989
4782990
4785826
4785827
4785828
4785829
4786187
4786188
4786194
4786469
4786470
4786476
4786477
4788079
4788080
4788207
4788208
4788209
4788210
4788211
4788212
4790068
4790069
4790070
4790638
4790639
4790640
4790641
4792352
4792353
4792355
4792892
4792893
4792895
4795319
4795320
4795321
4795322
4795624
4795625
4795629
4798197
4798384
4798385
4798457
4798458
4799692
4799693
4799694
4799695
4799696
4799699
4799700
4799845
4799846
4799847
4799848
4799849
4799851
4799852
4799853
4801790
4801791
4801793
4801794
4802517
4802519
4802520
4802524
4804768
4804770
4807079
4807105
4807114
4807118
4809173
4809814
4809829
4812285
4813128
4813135
4813137
4815421
4815425
4815428
4815662
4815666
4815667
4815668
4815670
4815690
4815691
4817369
4817371
4817459
4817460
4817461
4817463
4817465
4817466
4817467
4817481
4817484
4817486
4819366
4819367
4819369
4819370
4819372
4822934
4822935
4823304
4823305
4823306
4825831
4825832
4825833
4825834
4828211
4828212
4828213
4828214
4828215
4828216
4828524
4828526
4828527
4828528
4828529
4830586
4830587
4830737
4830738
4830882
4830883
4830884
4830885
4830886
4831026
4831028
4831231
4831232
4831234
4831235
4831237
4832967
4832968
4832969
4832971
4832972
4832976
4832977
4833114
4833116
4833438
4833540
4835015
4835016
4835017
4835018
4835021
4835022
4835023
4835025
4835026
4835027
4835028
4835504
4835577
4835770
4837105
4837106
4837107
4837108
4837109
4837110
4837111
4837433
4837434
4837435
4837436
4839534
4839535
4839536
4839537
4840041
4840042
4840043
4840044
4840045
4840046
4840047
4840048
4840049
4840050
4840051
4840054
4841786
4841787
4841788
4841897
4841908
4842158
4842159
4842160
4842161
4842162
4842163
4842299
4842324
4842733
4842734
4842751
4842822
4842953
4844214
4844216
4844218
4844219
4844561
4844562
4844563
4844564
4844565
4846430
4846701
4846702
4846703
4846704
4846707
4848499
4848500
4848501
4848502
4849694
4849695
4849696
4851655
4851656
4852175
4852176
4852177
4852178
4852179
4852189
4852196
4854131
4854270
4854271
4854272
4854273
4854274
4854275
4854276
4854277
4854278
4854279
4854280
4854281
4854282
4854283
4854320
4854533
4854534
4854535
4854539
4854609
4854610
4854611
4854612
4854613
4855861
4855862
4855863
4855864
4855865
4855962
4855963
4855964
4855965
4855966
4855967
4855968
4855969
4855970
4855971
4855972
4855973
4855974
4855975
4855976
4855977
4855979
4855980
4855981
4855982
4855989
4855990
4857962
4858451
4858452
4858453
4858454
4858455
4858456
4858457
4858459
4860556
4860557
4860559
4860560
4860993
4860994
4860995
4860996
4860997
4860998
4860999
4861606
4861801
4861802
4861803
4861804
4861805
4861806
4861809
4863870
4863871
4865028
4865030
4865031
4865032
4865033
4865034
4865035
4865036
4867165
4867327
4867328
4867329
4867330
4867609
4867610
4867611
4867612
4867613
4867614
4867615
4869490
4869491
4869492
4869495
4869576
4869578
4869579
4869580
4869581
4869582
4869583
4869584
4869585
4869586
4869588
4871894
4871895
4871896
4871897
4872135
4872136
4872137
4872138
4874481
4874482
4874483
4874806
4874807
4874808
4874809
4874810
4874811
4874812
4874813
4874814
4874815
4874816
4874817
4874818
4874819
4874820
4877261
4877556
4877557
4877558
4877559
4877560
4877561
4877562
4877563
4877564
4877565
4877566
4877567
4877568
4877569
4877570
4877571
4877572
4877573
4877574
4877575
4877576
4877577
4877578
4877579
4880318
4880569
4880570
4880571
4880572
4880573
4880575
4880576
4882702
4883088
4883090
4883337
4883373
4883446
4884093
4884094
4884096
4884097
4884112
4884113
4884114
4884115
4884116
4884117
4884118
4884119
4884120
4884121
4884122
4884123
4886177
4886178
4886322
4886323
4886324
4886325
4886326
4886327
4886328
4888688
4888689
4888690
4889209
4889210
4889211
4889212
4889214
4889215
4889216
4889217
4889218
4889219
4889220
4891380
4891381
4892676
4892677
4892678
4892679
4892680
4892684
4892685
4892686
4892687
4892688
4892689
4892690
4895876
4895882
4898000
4898001
4898341
4898353
4898360
4900142
4900143
4900241
4900242
4900243
4900244
4900245
4900246
4900247
4900248
4900249
4900250
4900251
4900252
4900253
4900254
4900255
4900259
4900260
4900261
4900262
4900263
4900264
4900265
4900266
4900267
4900268
4900269
4900270
4900271
4900272
4900273
4900274
4900275
4900276
4900340
4902653
4903677
4903678
4903679
4903680
4903681
4903682
4903683
4903684
4903685
4903686
4903687
4905962
4907433
4907435
4907436
4907438
4909644
4909645
4910115
4910116
4910117
4910118
4910120
4910122
4912414
4912415
4913197
4913198
4913199
4913200
4913201
4913202
4913203
4913204
4913206
4913207
4915268
4915269
4915270
4915271
4915554
4915567
4915568
4917410
4917411
4917412
4917413
4917414
4917416
4917417
4917418
4917419
4917420
4917421
4917422
4917423
4917424
4917425
4917426
4917427
4917428
4917429
4917430
4917431
4917432
4917433
4917434
4917435
4917436
4917437
4917438
4917439
4917440
4917441
4922271
4922272
4922273
4922274
4922275
4922276
4922277
4929248
4929249
4929250
4929251
4936002
4936003
4936004
4942152
4942153
4942154
4945796
4945797
4945798
4945799
4947716
4947717
4947718
4947719
4947720
4947721
4947722
4947723
4947724
4950543
4950544
4950545
4950546
4950547
4950548
4950549
4950550
4953166
4953167
4953168
4953169
4953170
4953171
4956455
4956456
4956457
4960033
4960034
4960035
4960036
4960037
4960038
4960039
4960040
4960041
4963485
4963486
4963487
4963488
4963964
4963965
4963967
4963968
4966233
4966234
4966235
4966236
4966237
4966238
4966239
4966240
4966241
4966242
4966243
4966244
4966245
4966246
4966247
4972086
4972090
4972093
4972097
4972106
4972212
4975309
4975310
4975311
4975312
4975313
4979057
4979058
4979060
4979061
4981246
4981705
4981706
4981707
4981708
4981709
4983361
4983362
4983363
4983364
4983365
4983366
4983367
4983368
4983369
4983370
4983371
4986115
4986116
4988657
4988658
4988659
4988660
4988661
4990210
4990212
4991358
4991359
4991360
4991361
4991362
4991363
4991364
4991365
4991366
4993752
4994046
4994047
4994048
4996339
4996340
4996341
4996342
4996343
4996344
4996345
4996346
4997905
4997906
5000279
5000280
5003311
5003312
5005675
5005676
5005677
5006851
5008472
5008473
5008474
5008475
5009079
5009080
5009081
5009082
5010741
5010742
5010743
5010744
5012727
5014905
5014906
5016778
5016779
5016780
5018825
5020390
5020522
5020523
5022257
5022258
5022259
5022260
5022261
5022262
5022263
5022264
5022265
5022266
5022267
5026266
5028125
5028126
5028127
5028128
5028129
5029877
5029878
5029879
5029880
5029881
5029882
5029883
5029884
5029885
5029886
5029887
5031593
5031594
5031595
5031596
5031597
5031598
5031836
5031838
5031840
5031842
5036418
5036419
5036420
5036421
5036422
5036423
5036424
5036425
5036426
5036427
5036428
5036429
5036430
5036431
5036432
5036433
5037631
5038098
5038099
5038100
5041930
5042540
5042541
5044543
5044544
5044545
5044546
5044547
5046275
5046809
5046810
5046811
5046812
5046813
5048245
5048246
5048247
5048248
5048249
5048250
5048251
5048252
5052791
5054519
5054520
5054521
5054522
5054523
5054524
5054525
5054526
5054527
5054528
5056405
5056406
5056407
5056408
5056409
5056410
5058063
5058069
5058070
5058076
5058688
5058689
5058690
5058691
5058692
5058693
5058694
5060016
5060017
5060018
5060019
5060020
5060021
5060022
5060023
5060914
5062462
5062463
5062464
5062465
5062466
5062467
5062468
5062469
5063997
5063998
5063999
5064000
5066367
5066368
5068148
5068149
5068150
5068151
5068554
5068555
5069959
5069960
5069961
5069962
5069963
5071564
5071567
5071568
5071569
5071570
5071574
5073766
5073768
5073769
5073770
5073771
5073772
5073773
5073774
5073775
5075653
5075654
5075655
5075656
5075657
5075658
5075659
5075660
5075661
5079528
5079529
5079530
5079531
5079532
5079533
5081727
5081728
5081729
5082209
5082210
5082211
5082212
5082213
5082214
5082215
5082216
5082217
5082218
5084327
5084331
5084332
5084333
5084335
5084336
5084337
5084338
5084339
5084340
5087056
5087057
5087058
5087059
5087060
5087061
5087062
5087063
5087064
5087065
5089644
5092115
5092116
5092117
5092118
5092119
5094650
5094651
5094652
5094653
5094654
5097397
5100092
5100093
5100094
5100095
5100096
5100097
5100098
5100099
5100100
5100101
5100102
5100103
5100104
5100105
5100106
5102226
5105188
5105193
5105194
5105195
5105196
5107899
5107900
5107901
5110829
5110830
5110831
5110832
5110833
5110834
5110835
5110836
5110837
5110838
5110839
5110840
5113166
5113167
5113168
5113169
5113170
5113171
5113172
5113173
5113174
5113175
5113176
5113177
5113773
5113774
5113775
5113776
5113777
5115628
5115629
5115630
5115631
5115632
5115633
5115634
5115635
5115636
5115637
5115638
5115639
5115640
5115641
5115642
5115643
5115644
5115645
5117773
5117781
5117782
5117783
5117784
5117785
5120943
5120944
5120945
5124244
5124245
5124246
5124247
5124249
5124250
5124251
5127005
5127006
5127007
5127008
5127009
5127010
5127011
5127012
5127013
5127014
5127015
5127016
5127017
5129631
5129632
5129633
5129634
5130177
5130178
5130179
5130180
5131873
5131874
5131875
5131878
5131879
5131880
5131881
5131882
5131883
5131884
5131885
5131886
5131887
5131888
5131889
5131890
5134850
5134851
5134852
5134853
5134854
5134855
5134856
5134857
5134858
5134859
5134860
5134861
5134862
5134863
5134864
5134865
5134866
5134867
5134868
5134869
5138097
5138098
5138099
5138100
5138101
5138102
5138103
5138104
5138105
5138106
5138107
5138108
5138109
5138110
5138111
5138112
5138113
5141149
5141150
5141151
5141152
5141153
5141154
5141155
5141156
5141157
5141158
5141159
5141160
5141161
5141162
5141163
5141164
5141165
5141166
5141167
5141168
5141169
5141170
5141171
5144788
5144789
5144790
5144791
5144792
5144793
5144794
5144795
5144796
5144797
5144798
5144799
5144800
5147422
5147856
5147857
5147858
5147859
5147860
5147861
5147862
5149531
5149532
5149533
5149534
5149535
5149536
5149546
5149548
5149549
5149550
5149551
5149552
5149553
5149557
5149558
5149559
5149560
5149561
5149562
5149563
5149564
5149565
5149566
5149815
5353076
5353077
5353078
5353079
5353080
5353081
5353082
5353083
5354084
5354085
5359086
5360587
5362088
5738397
5738398
5738399
5738900
5738901
5738902
5738903
5739405
5739406
5739907
5740408
5740410
5740411
5740912
5741413
5741909
5741910
5741911
5999263
5999764
5999765
6001268
6001269
6001270
6001271
6079362
6079365
6079366
6079367
6079368
6079369
6079370
6079371
6079372
6079373
6079374
6079375
6079376
6079377
6079378
6079379
6079380
6079381
6079382
6079383
6081636
6081637
6081638
6081639
6081640
6081641
6081642
6081643
6081644
6081645
6081646
6082244
6082245
6082246
6082247
6082248
6082356
6083495
6083497
6083498
6083499
6083500
6083501
6083502
6083503
6085542
6085543
6085544
6085545
6085546
6085547
6085548
6085549
6085550
6085551
6085552
6085553
6085554
6085555
6085556
6085557
6085558
6085559
6085560
6085561
6085562
6085563
6085564
6085565
6087773
6087774
6087775
6087776
6087777
6087778
6089914
6089915
6089916
6089917
6089918
6089919
6089920
6089921
6089922
6089923
6089924
6093484
6093485
6093486
6093488
6093490
6093492
6093494
6093495
6093496
6093497
6093498
6093499
6093500
6093501
6093502
6093503
6093504
6093506
6093507
6093508
6093509
6093510
6093511
6096750
6096751
6096752
6096753
6096754
6096755
6096756
6096757
6096758
6096759
6096760
6096761
6096762
6097431
6097432
6097433
6098862
6098863
6098864
6098865
6098866
6098867
6098868
6098869
6098870
6098871
6098872
6098873
6098874
6098875
6098876
6098877
6098878
6098879
6098880
6100842
6100843
6100844
6100845
6100846
6100847
6100848
6100849
6100850
6100851
6100852
6103052
6103053
6103054
6103055
6103056
6105743
6105744
6105745
6105746
6105747
6105748
6105749
6105750
6108336
6108337
6108338
6108339
6108340
6108341
6108342
6108343
6108344
6108345
6108346
6108347
6108348
6108349
6110531
6110532
6110533
6110534
6110535
6110536
6110537
6110538
6110539
6111089
6111090
6111091
6111092
6111093
6112847
6112848
6112849
6112850
6112851
6112852
6112853
6112854
6112855
6112856
6112857
6112858
6112859
6114611
6114612
6114613
6114614
6114615
6114616
6114617
6114618
6114619
6116823
6116824
6116825
6116826
6116827
6116828
6116829
6116830
6116831
6116832
6116833
6119538
6119539
6119540
6119541
6119542
6119543
6119544
6119545
6119546
6119547
6119548
6119549
6119550
6119551
6119552
6122632
6122633
6122634
6122635
6122636
6122637
6122638
6125261
6125262
6125263
6125264
6125616
6125617
6125618
6125619
6125620
6126887
6126888
6126889
6126890
6126891
6126892
6126893
6126894
6126895
6126896
6129630
6129631
6129632
6129633
6129634
6129635
6129636
6129637
6129638
6131806
6131807
6131808
6131809
6131810
6131811
6131812
6131813
6131814
6131815
6131816
6131817
6134228
6134229
6134230
6134231
6134232
6134233
6134234
6134235
6134236
6134237
6136620
6136621
6136622
6136623
6136624
6136625
6136626
6138744
6138745
6138746
6138747
6138748
6138749
6139089
6139090
6139091
6139092
6139093
6139094
6139095
6139096
6139097
6140293
6140294
6140295
6140296
6140297
6140298
6140299
6142216
6142217
6142229
6142230
6142231
6142232
6142233
6142234
6142235
6142236
6142237
6142238
6142239
6142240
6143380
6143381
6143382
6143383
6143384
6145305
6145306
6145307
6145308
6145309
6145310
6147837
6147838
6147839
6147840
6147841
6147842
6147843
6149846
6149847
6149848
6150188
6150189
6150190
6151294
6151295
6151296
6151297
6151298
6151299
6151300
6151301
6151302
6151303
6151304
6152943
6152944
6152945
6152946
6155369
6155370
6155371
6155372
6155373
6155374
6155376
6155377
6155378
6155379
6155380
6155381
6157560
6157561
6157562
6157563
6157564
6157565
6157566
6157567
6157568
6160327
6160328
6160335
6160339
6160340
6160341
6160342
6160343
6160344
6160345
6160346
6160347
6162302
6162303
6162305
6162590
6163847
6163848
6163849
6163850
6163852
6163853
6165501
6165503
6165504
6165506
6165507
6165508
6165509